State-Name,State-Abbreviation,Metro-Name,Regular,Mid-Grade,Premium,Diesel,Currency,Unit,Date
Alaska,AK,Anchorage,5.507,5.686,5.913,5.729,U.S Dollar,US Gallon,2022-06-10
Alaska,AK,Fairbanks,5.544,5.607,5.832,5.818,U.S Dollar,US Gallon,2022-06-10
Alaska,AK,Juneau,5.208,5.256,5.407,5.281,U.S Dollar,US Gallon,2022-06-10
Alabama,AL,Anniston-Oxford,4.608,4.899,5.214,5.638,U.S Dollar,US Gallon,2022-06-10
Alabama,AL,Auburn,4.626,4.867,5.232,5.58,U.S Dollar,US Gallon,2022-06-10
Alabama,AL,Birmingham,4.592,4.913,5.26,5.646,U.S Dollar,US Gallon,2022-06-10
Alabama,AL,Daphne-Fairhope-Foley,4.664,4.986,5.367,5.589,U.S Dollar,US Gallon,2022-06-10
Alabama,AL,Decatur,4.584,4.862,5.205,5.505,U.S Dollar,US Gallon,2022-06-10
Alabama,AL,Dothan,4.667,4.999,5.34,5.808,U.S Dollar,US Gallon,2022-06-10
Alabama,AL,Florence-Muscle Shoals,4.624,4.917,5.248,5.654,U.S Dollar,US Gallon,2022-06-10
Alabama,AL,Gadsden,4.541,4.899,5.207,5.553,U.S Dollar,US Gallon,2022-06-10
Alabama,AL,Huntsville,4.591,4.904,5.256,5.589,U.S Dollar,US Gallon,2022-06-10
Alabama,AL,Mobile,4.604,4.934,5.263,5.497,U.S Dollar,US Gallon,2022-06-10
Alabama,AL,Montgomery,4.628,4.99,5.305,5.671,U.S Dollar,US Gallon,2022-06-10
Alabama,AL,Russell County,4.692,4.932,5.212,5.644,U.S Dollar,US Gallon,2022-06-10
Alabama,AL,Tuscaloosa,4.599,4.914,5.252,5.611,U.S Dollar,US Gallon,2022-06-10
Arkansas,AR,Fayetteville-Springdale-Rogers,4.534,4.824,5.118,5.249,U.S Dollar,US Gallon,2022-06-10
Arkansas,AR,Fort Smith (AR only),4.506,4.823,5.12,5.312,U.S Dollar,US Gallon,2022-06-10
Arkansas,AR,Hot Springs,4.479,4.801,5.155,5.281,U.S Dollar,US Gallon,2022-06-10
Arkansas,AR,Jonesboro,4.483,4.752,4.974,5.261,U.S Dollar,US Gallon,2022-06-10
Arkansas,AR,Little Rock-North Little Rock,4.459,4.746,5.05,5.217,U.S Dollar,US Gallon,2022-06-10
Arkansas,AR,Pine Bluff,4.527,4.889,5.26,5.274,U.S Dollar,US Gallon,2022-06-10
Arkansas,AR,Texarkana (AR only),4.64,4.934,5.255,5.39,U.S Dollar,US Gallon,2022-06-10
Arkansas,AR,West Memphis,4.562,4.883,5.302,5.453,U.S Dollar,US Gallon,2022-06-10
Arizona,AZ,East Valley,5.633,5.891,6.171,5.764,U.S Dollar,US Gallon,2022-06-10
Arizona,AZ,Flagstaff,5.107,5.29,5.508,6.007,U.S Dollar,US Gallon,2022-06-10
Arizona,AZ,Glendale,5.635,5.915,6.139,5.766,U.S Dollar,US Gallon,2022-06-10
Arizona,AZ,Lake Havasu-Kingman,5.115,5.253,5.455,5.934,U.S Dollar,US Gallon,2022-06-10
Arizona,AZ,Peoria,5.621,5.828,6.132,5.761,U.S Dollar,US Gallon,2022-06-10
Arizona,AZ,Phoenix Proper,5.621,5.872,6.159,5.755,U.S Dollar,US Gallon,2022-06-10
Arizona,AZ,Phoenix-Mesa,5.622,5.88,6.159,5.775,U.S Dollar,US Gallon,2022-06-10
Arizona,AZ,Pima County,4.78,5.021,5.298,5.716,U.S Dollar,US Gallon,2022-06-10
Arizona,AZ,Prescott,4.971,5.145,5.423,5.853,U.S Dollar,US Gallon,2022-06-10
Arizona,AZ,Scottsdale,5.668,5.952,6.23,5.873,U.S Dollar,US Gallon,2022-06-10
Arizona,AZ,Sierra Vista-Douglas,4.762,4.972,5.264,5.678,U.S Dollar,US Gallon,2022-06-10
Arizona,AZ,Tucson,4.777,5.012,5.285,5.717,U.S Dollar,US Gallon,2022-06-10
Arizona,AZ,West Valley,5.628,5.865,6.122,5.754,U.S Dollar,US Gallon,2022-06-10
Arizona,AZ,Yuma,4.936,5.173,5.348,5.83,U.S Dollar,US Gallon,2022-06-10
California,CA,Bakersfield,6.332,6.518,6.699,6.941,U.S Dollar,US Gallon,2022-06-10
California,CA,Chico-Paradise,6.28,6.477,6.59,6.907,U.S Dollar,US Gallon,2022-06-10
California,CA,El Centro,6.178,6.316,6.549,6.853,U.S Dollar,US Gallon,2022-06-10
California,CA,Fresno,6.327,6.519,6.676,6.911,U.S Dollar,US Gallon,2022-06-10
California,CA,Hanford-Corcoran,6.212,6.418,6.551,6.83,U.S Dollar,US Gallon,2022-06-10
California,CA,Los Angeles-Long Beach,6.445,6.629,6.749,6.969,U.S Dollar,US Gallon,2022-06-10
California,CA,Madera-Chowchilla,6.342,6.564,6.757,6.869,U.S Dollar,US Gallon,2022-06-10
California,CA,Merced,6.371,6.549,6.721,6.97,U.S Dollar,US Gallon,2022-06-10
California,CA,Modesto,6.286,6.468,6.648,6.885,U.S Dollar,US Gallon,2022-06-10
California,CA,Napa,6.636,6.761,6.894,7.157,U.S Dollar,US Gallon,2022-06-10
California,CA,Oakland,6.537,6.721,6.848,7.062,U.S Dollar,US Gallon,2022-06-10
California,CA,Orange County,6.406,6.605,6.711,6.907,U.S Dollar,US Gallon,2022-06-10
California,CA,Redding,6.413,6.55,6.693,6.996,U.S Dollar,US Gallon,2022-06-10
California,CA,Riverside,6.299,6.498,6.617,6.883,U.S Dollar,US Gallon,2022-06-10
California,CA,Sacramento,6.436,6.637,6.775,7.012,U.S Dollar,US Gallon,2022-06-10
California,CA,Salinas,6.564,6.735,6.902,7.198,U.S Dollar,US Gallon,2022-06-10
California,CA,San Bernardino,6.316,6.476,6.626,6.899,U.S Dollar,US Gallon,2022-06-10
California,CA,San Diego,6.353,6.533,6.661,6.831,U.S Dollar,US Gallon,2022-06-10
California,CA,San Francisco,6.623,6.814,6.954,7.161,U.S Dollar,US Gallon,2022-06-10
California,CA,San Jose,6.541,6.747,6.865,7.084,U.S Dollar,US Gallon,2022-06-10
California,CA,San Luis Obispo-Atascadero-Paso Robles,6.603,6.747,6.865,7.194,U.S Dollar,US Gallon,2022-06-10
California,CA,San Rafael,6.658,6.86,6.983,7.266,U.S Dollar,US Gallon,2022-06-10
California,CA,Santa Barbara-Santa Maria-Lompoc,6.33,6.492,6.629,6.916,U.S Dollar,US Gallon,2022-06-10
California,CA,Santa Cruz-Watsonville,6.476,6.676,6.823,7.045,U.S Dollar,US Gallon,2022-06-10
California,CA,Santa Rosa,6.605,6.806,6.905,7.124,U.S Dollar,US Gallon,2022-06-10
California,CA,Stockton-Lodi,6.349,6.542,6.705,6.978,U.S Dollar,US Gallon,2022-06-10
California,CA,Vallejo-Fairfield,6.463,6.681,6.796,7.058,U.S Dollar,US Gallon,2022-06-10
California,CA,Ventura,6.398,6.579,6.692,6.883,U.S Dollar,US Gallon,2022-06-10
California,CA,Visalia-Tulare-Porterville,6.367,6.505,6.697,6.954,U.S Dollar,US Gallon,2022-06-10
California,CA,Yolo,6.386,6.576,6.725,6.948,U.S Dollar,US Gallon,2022-06-10
California,CA,Yuba City,6.276,6.465,6.622,7.031,U.S Dollar,US Gallon,2022-06-10
Colorado,CO,Boulder-Longmont,4.854,5.183,5.496,5.449,U.S Dollar,US Gallon,2022-06-10
Colorado,CO,Colorado Springs,4.816,5.157,5.425,5.49,U.S Dollar,US Gallon,2022-06-10
Colorado,CO,Denver,4.817,5.171,5.453,5.499,U.S Dollar,US Gallon,2022-06-10
Colorado,CO,Durango,5.013,5.243,5.485,5.645,U.S Dollar,US Gallon,2022-06-10
Colorado,CO,Fort Collins-Loveland,4.755,5.066,5.368,5.485,U.S Dollar,US Gallon,2022-06-10
Colorado,CO,Glenwood Springs,4.906,5.209,5.328,5.532,U.S Dollar,US Gallon,2022-06-10
Colorado,CO,Grand Junction (CO only),4.866,5.138,5.395,5.522,U.S Dollar,US Gallon,2022-06-10
Colorado,CO,Greeley,4.792,5.095,5.385,5.459,U.S Dollar,US Gallon,2022-06-10
Colorado,CO,Pueblo,4.847,5.145,5.433,5.545,U.S Dollar,US Gallon,2022-06-10
Colorado,CO,Vail,5.028,5.323,5.585,5.641,U.S Dollar,US Gallon,2022-06-10
Connecticut,CT,Bridgeport,5.034,5.384,5.777,6.264,U.S Dollar,US Gallon,2022-06-10
Connecticut,CT,Hartford,4.943,5.296,5.652,6.218,U.S Dollar,US Gallon,2022-06-10
Connecticut,CT,Lower Fairfield County,5.032,5.376,5.777,6.25,U.S Dollar,US Gallon,2022-06-10
Connecticut,CT,New Haven-Meriden,4.932,5.3,5.627,6.179,U.S Dollar,US Gallon,2022-06-10
Connecticut,CT,New London-Norwich (CT only),4.968,5.323,5.612,6.062,U.S Dollar,US Gallon,2022-06-10
Connecticut,CT,Windham,4.967,5.243,5.58,6.098,U.S Dollar,US Gallon,2022-06-10
District of Columbia,DC,Washington (DC only),5.206,5.708,5.946,6.086,U.S Dollar,US Gallon,2022-06-10
District of Columbia,DC,Washington (Entire Metro Average),5.002,5.421,5.732,5.937,U.S Dollar,US Gallon,2022-06-10
Delaware,DE,Dover,4.987,5.299,5.53,5.965,U.S Dollar,US Gallon,2022-06-10
Delaware,DE,Milford-Seaford,4.982,5.294,5.612,5.938,U.S Dollar,US Gallon,2022-06-10
Delaware,DE,Wilmington-Newark (DE only),4.981,5.444,5.684,5.994,U.S Dollar,US Gallon,2022-06-10
Florida,FL,Bradenton-Sarasota-Venice,4.835,5.206,5.484,5.678,U.S Dollar,US Gallon,2022-06-10
Florida,FL,Crestview-Fort Walton Beach,4.677,4.983,5.314,5.551,U.S Dollar,US Gallon,2022-06-10
Florida,FL,Daytona Beach,4.82,5.18,5.481,5.718,U.S Dollar,US Gallon,2022-06-10
Florida,FL,Fort Lauderdale,4.864,5.233,5.534,5.726,U.S Dollar,US Gallon,2022-06-10
Florida,FL,Fort Myers-Cape Coral,4.822,5.188,5.451,5.668,U.S Dollar,US Gallon,2022-06-10
Florida,FL,Gainesville,4.828,5.155,5.456,5.789,U.S Dollar,US Gallon,2022-06-10
Florida,FL,Homosassa Springs,4.859,5.186,5.491,5.72,U.S Dollar,US Gallon,2022-06-10
Florida,FL,Jacksonville,4.796,5.139,5.456,5.74,U.S Dollar,US Gallon,2022-06-10
Florida,FL,Lakeland-Winter Haven,4.822,5.188,5.474,5.684,U.S Dollar,US Gallon,2022-06-10
Florida,FL,Melbourne-Titusville,4.787,5.173,5.487,5.699,U.S Dollar,US Gallon,2022-06-10
Florida,FL,Miami,4.847,5.186,5.446,5.689,U.S Dollar,US Gallon,2022-06-10
Florida,FL,Naples,4.847,5.226,5.502,5.722,U.S Dollar,US Gallon,2022-06-10
Florida,FL,Ocala,4.816,5.168,5.474,5.718,U.S Dollar,US Gallon,2022-06-10
Florida,FL,Orlando,4.837,5.192,5.472,5.694,U.S Dollar,US Gallon,2022-06-10
Florida,FL,Panama City,4.726,5.01,5.41,5.615,U.S Dollar,US Gallon,2022-06-10
Florida,FL,Pensacola,4.684,4.985,5.312,5.523,U.S Dollar,US Gallon,2022-06-10
Florida,FL,Port St. Lucie,4.837,5.204,5.521,5.711,U.S Dollar,US Gallon,2022-06-10
Florida,FL,Punta Gorda,4.814,5.166,5.427,5.658,U.S Dollar,US Gallon,2022-06-10
Florida,FL,Sebastian-Vero Beach,4.849,5.214,5.522,5.735,U.S Dollar,US Gallon,2022-06-10
Florida,FL,Sebring,4.809,5.133,5.413,5.666,U.S Dollar,US Gallon,2022-06-10
Florida,FL,Tallahassee,4.759,5.065,5.382,5.827,U.S Dollar,US Gallon,2022-06-10
Florida,FL,Tampa-St. Petersburg-Clearwater,4.831,5.196,5.497,5.689,U.S Dollar,US Gallon,2022-06-10
Florida,FL,The Villages,4.79,5.212,5.485,5.702,U.S Dollar,US Gallon,2022-06-10
Florida,FL,West Palm Beach-Boca Raton,4.96,5.355,5.682,5.798,U.S Dollar,US Gallon,2022-06-10
Georgia,GA,Albany,4.364,4.657,5.009,5.509,U.S Dollar,US Gallon,2022-06-10
Georgia,GA,Athens,4.395,4.738,5.063,5.484,U.S Dollar,US Gallon,2022-06-10
Georgia,GA,Atlanta,4.459,4.79,5.146,5.527,U.S Dollar,US Gallon,2022-06-10
Georgia,GA,Augusta-Aiken (GA only),4.379,4.767,5.044,5.515,U.S Dollar,US Gallon,2022-06-10
Georgia,GA,Brunswick,4.448,4.768,5.074,5.605,U.S Dollar,US Gallon,2022-06-10
Georgia,GA,Catoosa-Dade-Walker,4.347,4.734,5.052,5.506,U.S Dollar,US Gallon,2022-06-10
Georgia,GA,Columbus (GA only),4.38,4.702,5.029,5.45,U.S Dollar,US Gallon,2022-06-10
Georgia,GA,Dalton,4.351,4.72,5.01,5.455,U.S Dollar,US Gallon,2022-06-10
Georgia,GA,Gainesville,4.422,4.725,5.036,5.48,U.S Dollar,US Gallon,2022-06-10
Georgia,GA,Hinesville-Fort Stewart,4.404,4.794,5.095,5.467,U.S Dollar,US Gallon,2022-06-10
Georgia,GA,Macon,4.413,4.764,5.087,5.546,U.S Dollar,US Gallon,2022-06-10
Georgia,GA,Rome,4.377,4.703,4.999,5.449,U.S Dollar,US Gallon,2022-06-10
Georgia,GA,Savannah,4.468,4.78,5.118,5.525,U.S Dollar,US Gallon,2022-06-10
Georgia,GA,Valdosta,4.423,4.763,5.125,5.512,U.S Dollar,US Gallon,2022-06-10
Georgia,GA,Warner Robins,4.38,4.665,4.999,5.492,U.S Dollar,US Gallon,2022-06-10
Hawaii,HI,Hilo,5.588,5.749,6.056,6.236,U.S Dollar,US Gallon,2022-06-10
Hawaii,HI,Honolulu,5.398,5.622,5.912,5.862,U.S Dollar,US Gallon,2022-06-10
Hawaii,HI,Kahului,5.662,5.872,6.072,6.153,U.S Dollar,US Gallon,2022-06-10
Hawaii,HI,Lihue (Kauai),5.864,6.019,6.14,6.52,U.S Dollar,US Gallon,2022-06-10
Hawaii,HI,Wailuku,5.662,5.872,6.072,6.153,U.S Dollar,US Gallon,2022-06-10
Iowa,IA,Ames,4.726,4.826,5.207,5.295,U.S Dollar,US Gallon,2022-06-10
Iowa,IA,Cedar Rapids,4.745,4.912,5.407,5.327,U.S Dollar,US Gallon,2022-06-10
Iowa,IA,Council Bluffs,4.657,4.838,5.336,5.312,U.S Dollar,US Gallon,2022-06-10
Iowa,IA,Davenport-Moline-Rock Island (IA only),4.691,4.904,5.369,5.421,U.S Dollar,US Gallon,2022-06-10
Iowa,IA,Des Moines,4.779,4.815,5.317,5.356,U.S Dollar,US Gallon,2022-06-10
Iowa,IA,Dubuque,4.794,4.953,5.575,5.378,U.S Dollar,US Gallon,2022-06-10
Iowa,IA,Iowa City,4.74,4.832,5.413,5.26,U.S Dollar,US Gallon,2022-06-10
Iowa,IA,Sioux City (IA only),4.683,4.84,5.222,5.288,U.S Dollar,US Gallon,2022-06-10
Iowa,IA,Waterloo-Cedar Falls,4.751,4.931,5.374,5.408,U.S Dollar,US Gallon,2022-06-10
Idaho,ID,Boise City,5.103,5.25,5.459,5.776,U.S Dollar,US Gallon,2022-06-10
Idaho,ID,Coeur D'Alene,5.041,5.229,5.479,5.744,U.S Dollar,US Gallon,2022-06-10
Idaho,ID,Franklin,4.987,5.196,5.444,5.632,U.S Dollar,US Gallon,2022-06-10
Idaho,ID,Idaho Falls,4.994,5.146,5.373,5.651,U.S Dollar,US Gallon,2022-06-10
Idaho,ID,Lewiston,5.06,5.223,5.476,5.716,U.S Dollar,US Gallon,2022-06-10
Idaho,ID,Pocatello,4.988,5.166,5.387,5.643,U.S Dollar,US Gallon,2022-06-10
Idaho,ID,Twin Falls,5.103,5.268,5.456,5.802,U.S Dollar,US Gallon,2022-06-10
Illinois,IL,Alexander County,4.999,0,0,5.599,U.S Dollar,US Gallon,2022-06-10
Illinois,IL,Bloomington-Normal,5.242,5.598,5.863,5.572,U.S Dollar,US Gallon,2022-06-10
Illinois,IL,Carbondale-Marion,5.247,5.619,5.85,5.885,U.S Dollar,US Gallon,2022-06-10
Illinois,IL,Champaign-Urbana,5.181,5.515,5.757,5.434,U.S Dollar,US Gallon,2022-06-10
Illinois,IL,Chicago Metro,5.917,6.29,6.697,5.715,U.S Dollar,US Gallon,2022-06-10
Illinois,IL,City of Chicago,6.052,6.466,6.89,5.899,U.S Dollar,US Gallon,2022-06-10
Illinois,IL,Danville,5.175,5.519,5.812,5.607,U.S Dollar,US Gallon,2022-06-10
Illinois,IL,Davenport-Moline-Rock Island (IL only),5.165,5.438,5.826,5.532,U.S Dollar,US Gallon,2022-06-10
Illinois,IL,Decatur,5.008,5.377,5.664,5.335,U.S Dollar,US Gallon,2022-06-10
Illinois,IL,East Saint Louis,5.145,5.426,5.694,5.612,U.S Dollar,US Gallon,2022-06-10
Illinois,IL,Elgin,5.648,6,6.421,5.649,U.S Dollar,US Gallon,2022-06-10
Illinois,IL,Kankakee-Bradley,5.372,5.746,6.007,5.634,U.S Dollar,US Gallon,2022-06-10
Illinois,IL,Lake County,5.845,6.209,6.631,5.628,U.S Dollar,US Gallon,2022-06-10
Illinois,IL,Peoria-Pekin,5.267,5.575,5.871,5.631,U.S Dollar,US Gallon,2022-06-10
Illinois,IL,Quincy,5.256,5.557,5.896,5.519,U.S Dollar,US Gallon,2022-06-10
Illinois,IL,Rockford,5.291,5.593,5.96,5.529,U.S Dollar,US Gallon,2022-06-10
Illinois,IL,Springfield,5.27,5.546,5.881,5.54,U.S Dollar,US Gallon,2022-06-10
Indiana,IN,Bloomington,5.252,5.576,5.84,5.882,U.S Dollar,US Gallon,2022-06-10
Indiana,IN,Clarksville,5.186,5.502,5.78,5.946,U.S Dollar,US Gallon,2022-06-10
Indiana,IN,Columbus,5.244,5.551,5.816,5.874,U.S Dollar,US Gallon,2022-06-10
Indiana,IN,Dearborn-Franklin-Ohio-Union,5.135,5.426,5.733,5.85,U.S Dollar,US Gallon,2022-06-10
Indiana,IN,Elkhart,5.219,5.485,5.842,5.816,U.S Dollar,US Gallon,2022-06-10
Indiana,IN,Evansville,4.989,5.269,5.522,5.762,U.S Dollar,US Gallon,2022-06-10
Indiana,IN,Fort Wayne,5.242,5.566,5.892,5.912,U.S Dollar,US Gallon,2022-06-10
Indiana,IN,Gary,5.45,5.792,6.098,5.745,U.S Dollar,US Gallon,2022-06-10
Indiana,IN,Indianapolis,5.234,5.583,5.9,5.874,U.S Dollar,US Gallon,2022-06-10
Indiana,IN,Kokomo,5.235,5.592,5.887,5.864,U.S Dollar,US Gallon,2022-06-10
Indiana,IN,Lafayette,5.164,5.522,5.821,5.875,U.S Dollar,US Gallon,2022-06-10
Indiana,IN,Michigan City-La Porte,5.274,5.606,5.899,5.76,U.S Dollar,US Gallon,2022-06-10
Indiana,IN,Muncie,5.215,5.57,5.899,5.913,U.S Dollar,US Gallon,2022-06-10
Indiana,IN,South Bend,5.206,5.521,5.884,5.837,U.S Dollar,US Gallon,2022-06-10
Indiana,IN,Terre Haute,5.216,5.519,5.788,5.848,U.S Dollar,US Gallon,2022-06-10
Kansas,KS,Kansas City (KS only),4.681,4.926,5.21,5.273,U.S Dollar,US Gallon,2022-06-10
Kansas,KS,Lawrence,4.7,4.903,5.263,5.267,U.S Dollar,US Gallon,2022-06-10
Kansas,KS,Manhattan,4.609,4.946,5.26,5.22,U.S Dollar,US Gallon,2022-06-10
Kansas,KS,Topeka,4.582,4.832,5.15,5.233,U.S Dollar,US Gallon,2022-06-10
Kansas,KS,Wichita,4.583,4.772,5.019,5.191,U.S Dollar,US Gallon,2022-06-10
Kentucky,KY,Bowling Green,4.761,5.094,5.402,5.706,U.S Dollar,US Gallon,2022-06-10
Kentucky,KY,Covington,4.982,5.278,5.601,5.755,U.S Dollar,US Gallon,2022-06-10
Kentucky,KY,Elizabethtown-Fort Knox,4.763,5.074,5.392,5.769,U.S Dollar,US Gallon,2022-06-10
Kentucky,KY,Henderson,4.591,4.886,5.138,5.413,U.S Dollar,US Gallon,2022-06-10
Kentucky,KY,Hopkinsville,4.61,4.99,5.33,5.673,U.S Dollar,US Gallon,2022-06-10
Kentucky,KY,Huntington-Ashland (KY only),4.804,5.087,5.386,5.803,U.S Dollar,US Gallon,2022-06-10
Kentucky,KY,Lexington,4.785,5.112,5.421,5.742,U.S Dollar,US Gallon,2022-06-10
Kentucky,KY,Louisville (KY only),4.953,5.287,5.575,5.768,U.S Dollar,US Gallon,2022-06-10
Kentucky,KY,Owensboro,4.682,5.008,5.357,5.791,U.S Dollar,US Gallon,2022-06-10
Louisiana,LA,Alexandria,4.534,4.82,5.064,5.348,U.S Dollar,US Gallon,2022-06-10
Louisiana,LA,Baton Rouge,4.488,4.811,5.132,5.268,U.S Dollar,US Gallon,2022-06-10
Louisiana,LA,Hammond,4.519,4.864,5.19,5.345,U.S Dollar,US Gallon,2022-06-10
Louisiana,LA,Houma-Thibodaux,4.563,4.844,5.193,5.198,U.S Dollar,US Gallon,2022-06-10
Louisiana,LA,Lafayette,4.522,4.807,5.153,5.294,U.S Dollar,US Gallon,2022-06-10
Louisiana,LA,Lake Charles,4.598,4.852,5.21,5.344,U.S Dollar,US Gallon,2022-06-10
Louisiana,LA,Monroe,4.433,4.765,5.036,5.321,U.S Dollar,US Gallon,2022-06-10
Louisiana,LA,New Orleans,4.492,4.861,5.182,5.339,U.S Dollar,US Gallon,2022-06-10
Louisiana,LA,Shreveport-Bossier City,4.55,4.872,5.147,5.301,U.S Dollar,US Gallon,2022-06-10
Massachusetts,MA,Barnstable-Yarmouth,5.033,5.405,5.672,6.293,U.S Dollar,US Gallon,2022-06-10
Massachusetts,MA,Boston (MA only),5.051,5.418,5.696,6.27,U.S Dollar,US Gallon,2022-06-10
Massachusetts,MA,Cambridge-Newton-Framingham,5.067,5.419,5.705,6.281,U.S Dollar,US Gallon,2022-06-10
Massachusetts,MA,Pittsfield,4.971,5.337,5.632,6.181,U.S Dollar,US Gallon,2022-06-10
Massachusetts,MA,Seekonk,4.954,5.314,5.569,6.15,U.S Dollar,US Gallon,2022-06-10
Massachusetts,MA,Springfield,4.966,5.287,5.541,6.042,U.S Dollar,US Gallon,2022-06-10
Massachusetts,MA,Worcester,5.022,5.361,5.657,6.153,U.S Dollar,US Gallon,2022-06-10
Maryland,MD,Annapolis,4.993,5.517,5.754,6.026,U.S Dollar,US Gallon,2022-06-10
Maryland,MD,Baltimore,5.001,5.449,5.716,6.016,U.S Dollar,US Gallon,2022-06-10
Maryland,MD,Bowie-St. Charles,4.988,5.553,5.822,5.989,U.S Dollar,US Gallon,2022-06-10
Maryland,MD,Cumberland (MD Only),4.857,5.147,5.409,5.816,U.S Dollar,US Gallon,2022-06-10
Maryland,MD,Frederick,4.976,5.311,5.57,5.913,U.S Dollar,US Gallon,2022-06-10
Maryland,MD,Hagerstown,4.801,5.132,5.442,5.832,U.S Dollar,US Gallon,2022-06-10
Maryland,MD,Salisbury,5,5.354,5.638,5.942,U.S Dollar,US Gallon,2022-06-10
Maryland,MD,Washington (MD only),5.042,5.492,5.783,6.032,U.S Dollar,US Gallon,2022-06-10
Maine,ME,Bangor,5.014,5.349,5.622,6.035,U.S Dollar,US Gallon,2022-06-10
Maine,ME,Lewiston-Auburn,5.083,5.394,5.699,6.392,U.S Dollar,US Gallon,2022-06-10
Maine,ME,Portland,5.063,5.38,5.67,6.278,U.S Dollar,US Gallon,2022-06-10
Michigan,MI,Ann Arbor,5.266,5.623,5.954,5.783,U.S Dollar,US Gallon,2022-06-10
Michigan,MI,Benton Harbor,5.199,5.521,5.878,5.77,U.S Dollar,US Gallon,2022-06-10
Michigan,MI,Flint,5.194,5.509,5.838,5.753,U.S Dollar,US Gallon,2022-06-10
Michigan,MI,Grand Rapids-Muskegon-Holland,5.179,5.495,5.814,5.753,U.S Dollar,US Gallon,2022-06-10
Michigan,MI,Jackson,5.193,5.516,5.87,5.757,U.S Dollar,US Gallon,2022-06-10
Michigan,MI,Lansing-East Lansing,5.184,5.521,5.848,5.756,U.S Dollar,US Gallon,2022-06-10
Michigan,MI,Marquette,5.175,5.563,5.892,5.848,U.S Dollar,US Gallon,2022-06-10
Michigan,MI,Metro Detroit,5.272,5.63,5.974,5.792,U.S Dollar,US Gallon,2022-06-10
Michigan,MI,Saginaw-Bay City-Midland,5.185,5.51,5.847,5.768,U.S Dollar,US Gallon,2022-06-10
Michigan,MI,Traverse City,5.096,5.428,5.794,5.731,U.S Dollar,US Gallon,2022-06-10
Minnesota,MN,Duluth-Superior (MN only),4.658,4.946,5.278,5.503,U.S Dollar,US Gallon,2022-06-10
Minnesota,MN,Houston County,4.623,4.849,5.386,5.399,U.S Dollar,US Gallon,2022-06-10
Minnesota,MN,Mankato,4.754,5.042,5.331,5.377,U.S Dollar,US Gallon,2022-06-10
Minnesota,MN,Minneapolis-St. Paul (MN only),4.751,4.972,5.286,5.431,U.S Dollar,US Gallon,2022-06-10
Minnesota,MN,Moorhead,4.745,4.954,5.368,5.498,U.S Dollar,US Gallon,2022-06-10
Minnesota,MN,Polk County,4.666,4.777,5.061,5.418,U.S Dollar,US Gallon,2022-06-10
Minnesota,MN,Rochester,4.783,4.984,5.42,5.455,U.S Dollar,US Gallon,2022-06-10
Minnesota,MN,St. Cloud,4.76,4.941,5.294,5.365,U.S Dollar,US Gallon,2022-06-10
Missouri,MO,Cape Girardeau,4.492,4.716,5.041,5.457,U.S Dollar,US Gallon,2022-06-10
Missouri,MO,Columbia,4.573,4.803,5.076,5.196,U.S Dollar,US Gallon,2022-06-10
Missouri,MO,Jefferson City,4.594,4.835,5.125,5.25,U.S Dollar,US Gallon,2022-06-10
Missouri,MO,Joplin,4.472,4.77,5.056,5.152,U.S Dollar,US Gallon,2022-06-10
Missouri,MO,Kansas City (MO only),4.584,4.811,5.093,5.192,U.S Dollar,US Gallon,2022-06-10
Missouri,MO,Springfield,4.455,4.686,5.063,5.12,U.S Dollar,US Gallon,2022-06-10
Missouri,MO,St. Joseph,4.574,4.872,5.103,5.137,U.S Dollar,US Gallon,2022-06-10
Missouri,MO,St. Louis (MO only),4.664,4.877,5.146,5.218,U.S Dollar,US Gallon,2022-06-10
Mississippi,MS,Biloxi-Gulfport-Pascagoula,4.5,4.818,5.139,5.28,U.S Dollar,US Gallon,2022-06-10
Mississippi,MS,Hattiesburg,4.485,4.78,5.053,5.359,U.S Dollar,US Gallon,2022-06-10
Mississippi,MS,Jackson,4.501,4.832,5.121,5.348,U.S Dollar,US Gallon,2022-06-10
Mississippi,MS,South Haven - Olive Branch,4.505,4.887,5.261,5.414,U.S Dollar,US Gallon,2022-06-10
Montana,MT,Billings,4.758,4.988,5.271,5.593,U.S Dollar,US Gallon,2022-06-10
Montana,MT,Great Falls,4.782,5.001,5.229,5.664,U.S Dollar,US Gallon,2022-06-10
Montana,MT,Missoula,4.953,5.147,5.406,5.719,U.S Dollar,US Gallon,2022-06-10
North Carolina,NC,Asheville,4.674,4.985,5.349,5.794,U.S Dollar,US Gallon,2022-06-10
North Carolina,NC,Burlington,4.673,4.975,5.279,5.805,U.S Dollar,US Gallon,2022-06-10
North Carolina,NC,Charlotte-Gastonia-Rock Hill (NC only),4.616,4.963,5.308,5.717,U.S Dollar,US Gallon,2022-06-10
North Carolina,NC,Durham-Chapel Hill,4.68,5.021,5.37,5.77,U.S Dollar,US Gallon,2022-06-10
North Carolina,NC,Fayetteville,4.664,4.985,5.274,5.821,U.S Dollar,US Gallon,2022-06-10
North Carolina,NC,Goldsboro,4.634,4.981,5.27,5.716,U.S Dollar,US Gallon,2022-06-10
North Carolina,NC,Greensboro,4.631,4.958,5.275,5.755,U.S Dollar,US Gallon,2022-06-10
North Carolina,NC,Hickory-Lenoir-Morganton,4.617,4.926,5.261,5.755,U.S Dollar,US Gallon,2022-06-10
North Carolina,NC,Jacksonville,4.626,4.948,5.259,5.661,U.S Dollar,US Gallon,2022-06-10
North Carolina,NC,New Bern,4.669,4.984,5.322,5.765,U.S Dollar,US Gallon,2022-06-10
North Carolina,NC,Norfolk-Virginia Beach-Newport News,4.784,5.083,5.539,5.994,U.S Dollar,US Gallon,2022-06-10
North Carolina,NC,Raleigh,4.687,4.993,5.313,5.786,U.S Dollar,US Gallon,2022-06-10
North Carolina,NC,Rocky Mount,4.667,5.002,5.334,5.819,U.S Dollar,US Gallon,2022-06-10
North Carolina,NC,Wilmington,4.667,4.999,5.369,5.707,U.S Dollar,US Gallon,2022-06-10
North Carolina,NC,Winston-Salem,4.653,4.981,5.301,5.717,U.S Dollar,US Gallon,2022-06-10
North Dakota,ND,Bismarck,4.712,4.935,5.18,5.469,U.S Dollar,US Gallon,2022-06-10
North Dakota,ND,Fargo-Moorhead (ND only),4.662,4.894,5.266,5.249,U.S Dollar,US Gallon,2022-06-10
North Dakota,ND,Grand Forks (ND only),4.687,4.947,5.213,5.428,U.S Dollar,US Gallon,2022-06-10
North Dakota,ND,Minot,4.734,5.056,5.225,5.498,U.S Dollar,US Gallon,2022-06-10
Nebraska,NE,Columbus,4.723,4.767,5.261,5.301,U.S Dollar,US Gallon,2022-06-10
Nebraska,NE,Grand Island,4.653,4.765,5.224,5.217,U.S Dollar,US Gallon,2022-06-10
Nebraska,NE,Kearney,4.732,4.749,5.209,5.214,U.S Dollar,US Gallon,2022-06-10
Nebraska,NE,Lincoln,4.713,4.802,5.351,5.287,U.S Dollar,US Gallon,2022-06-10
Nebraska,NE,Norfolk,4.604,4.791,5.292,5.14,U.S Dollar,US Gallon,2022-06-10
Nebraska,NE,North Platte,4.729,4.693,5.088,5.269,U.S Dollar,US Gallon,2022-06-10
Nebraska,NE,Omaha (NE only),4.65,4.783,5.234,5.199,U.S Dollar,US Gallon,2022-06-10
New Hampshire,NH,Manchester,5.004,5.344,5.648,6.178,U.S Dollar,US Gallon,2022-06-10
New Hampshire,NH,Portsmouth-Rochester (NH only),4.982,5.335,5.64,6.221,U.S Dollar,US Gallon,2022-06-10
New Jersey,NJ,Atlantic City,4.997,5.387,5.588,5.997,U.S Dollar,US Gallon,2022-06-10
New Jersey,NJ,Bergen-Passaic,5.04,5.463,5.734,6.198,U.S Dollar,US Gallon,2022-06-10
New Jersey,NJ,Cape May,5.082,5.435,5.63,6.054,U.S Dollar,US Gallon,2022-06-10
New Jersey,NJ,Middlesex-Somerset-Hunterdon,5.058,5.487,5.728,6.094,U.S Dollar,US Gallon,2022-06-10
New Jersey,NJ,Monmouth-Ocean,5.041,5.48,5.695,6.072,U.S Dollar,US Gallon,2022-06-10
New Jersey,NJ,Newark,5.079,5.481,5.756,6.228,U.S Dollar,US Gallon,2022-06-10
New Jersey,NJ,Parsippany-Troy Hills,5.05,5.48,5.728,6.119,U.S Dollar,US Gallon,2022-06-10
New Jersey,NJ,Philadelphia (NJ Only),4.992,5.396,5.623,6.021,U.S Dollar,US Gallon,2022-06-10
New Jersey,NJ,Trenton,5.073,5.477,5.787,6.096,U.S Dollar,US Gallon,2022-06-10
New Jersey,NJ,Vineland,5,5.393,5.64,6.038,U.S Dollar,US Gallon,2022-06-10
New Jersey,NJ,Warren County,4.987,5.426,5.656,6.038,U.S Dollar,US Gallon,2022-06-10
New Mexico,NM,Albuquerque,4.859,5.192,5.46,5.612,U.S Dollar,US Gallon,2022-06-10
New Mexico,NM,Farmington,4.985,5.241,5.48,5.795,U.S Dollar,US Gallon,2022-06-10
New Mexico,NM,Las Cruces,4.816,5.174,5.447,5.429,U.S Dollar,US Gallon,2022-06-10
New Mexico,NM,Santa Fe,4.867,5.087,5.385,5.707,U.S Dollar,US Gallon,2022-06-10
Nevada,NV,Las Vegas (NV only),5.554,5.781,5.982,5.97,U.S Dollar,US Gallon,2022-06-10
Nevada,NV,Reno,6.026,6.211,6.394,6.132,U.S Dollar,US Gallon,2022-06-10
New York,NY,Albany-Schenectady-Troy,4.953,5.298,5.646,6.4,U.S Dollar,US Gallon,2022-06-10
New York,NY,Batavia,4.923,5.251,5.593,5.981,U.S Dollar,US Gallon,2022-06-10
New York,NY,Binghamton,4.979,5.268,5.599,6.146,U.S Dollar,US Gallon,2022-06-10
New York,NY,Buffalo-Niagara Falls,4.902,5.167,5.428,5.994,U.S Dollar,US Gallon,2022-06-10
New York,NY,Dutchess-Putnam County,5.065,5.506,5.755,6.417,U.S Dollar,US Gallon,2022-06-10
New York,NY,Elmira,4.973,5.245,5.556,6.147,U.S Dollar,US Gallon,2022-06-10
New York,NY,Glens Falls,4.994,5.378,5.737,6.427,U.S Dollar,US Gallon,2022-06-10
New York,NY,Ithaca,4.958,5.238,5.605,6.171,U.S Dollar,US Gallon,2022-06-10
New York,NY,Kingston,4.989,5.354,5.652,6.262,U.S Dollar,US Gallon,2022-06-10
New York,NY,Nassau-Suffolk,5.033,5.385,5.64,6.429,U.S Dollar,US Gallon,2022-06-10
New York,NY,New York,5.165,5.504,5.787,6.461,U.S Dollar,US Gallon,2022-06-10
New York,NY,Rochester,4.967,5.25,5.53,6.123,U.S Dollar,US Gallon,2022-06-10
New York,NY,Syracuse,4.953,5.268,5.563,6.17,U.S Dollar,US Gallon,2022-06-10
New York,NY,Utica-Rome,4.972,5.331,5.692,6.28,U.S Dollar,US Gallon,2022-06-10
New York,NY,Watertown-Fort Drum,4.947,5.314,5.709,6.248,U.S Dollar,US Gallon,2022-06-10
New York,NY,White Plains,5.133,5.552,5.86,6.459,U.S Dollar,US Gallon,2022-06-10
Ohio,OH,Akron,5.043,5.39,5.719,5.909,U.S Dollar,US Gallon,2022-06-10
Ohio,OH,Belmont County,5.016,5.33,5.629,5.965,U.S Dollar,US Gallon,2022-06-10
Ohio,OH,Canton-Massillon,5.026,5.353,5.691,5.924,U.S Dollar,US Gallon,2022-06-10
Ohio,OH,Cincinnati (OH only),5.093,5.409,5.753,5.941,U.S Dollar,US Gallon,2022-06-10
Ohio,OH,Cleveland-Lorain-Elyria,5.051,5.389,5.719,5.899,U.S Dollar,US Gallon,2022-06-10
Ohio,OH,Columbus,5.056,5.384,5.705,5.943,U.S Dollar,US Gallon,2022-06-10
Ohio,OH,Dayton,5.072,5.436,5.788,5.93,U.S Dollar,US Gallon,2022-06-10
Ohio,OH,Lawerence County,4.962,5.273,5.557,5.997,U.S Dollar,US Gallon,2022-06-10
Ohio,OH,Lima,5.042,5.403,5.747,5.914,U.S Dollar,US Gallon,2022-06-10
Ohio,OH,Mansfield,5.079,5.421,5.775,5.975,U.S Dollar,US Gallon,2022-06-10
Ohio,OH,Springfield,5.066,5.403,5.753,5.936,U.S Dollar,US Gallon,2022-06-10
Ohio,OH,Steubenville-Weirton (OH only),4.998,5.333,5.631,5.937,U.S Dollar,US Gallon,2022-06-10
Ohio,OH,Toledo,5.075,5.418,5.754,5.907,U.S Dollar,US Gallon,2022-06-10
Ohio,OH,Youngstown-Warren,5.02,5.316,5.633,5.822,U.S Dollar,US Gallon,2022-06-10
Oklahoma,OK,Lawton,4.437,4.641,4.851,5.078,U.S Dollar,US Gallon,2022-06-10
Oklahoma,OK,Le Flore-Sequoyah,4.575,4.888,5.085,5.329,U.S Dollar,US Gallon,2022-06-10
Oklahoma,OK,Oklahoma City,4.638,4.951,5.167,5.218,U.S Dollar,US Gallon,2022-06-10
Oklahoma,OK,Tulsa,4.531,4.732,4.955,5.115,U.S Dollar,US Gallon,2022-06-10
Oregon,OR,Albany,5.448,5.574,5.886,5.972,U.S Dollar,US Gallon,2022-06-10
Oregon,OR,Bend,5.601,5.696,5.928,6.246,U.S Dollar,US Gallon,2022-06-10
Oregon,OR,Corvallis,5.448,5.629,5.841,5.821,U.S Dollar,US Gallon,2022-06-10
Oregon,OR,Eugene-Springfield,5.543,5.699,5.875,6.189,U.S Dollar,US Gallon,2022-06-10
Oregon,OR,Grants Pass,5.6,5.752,5.907,6.402,U.S Dollar,US Gallon,2022-06-10
Oregon,OR,Medford-Ashland,5.545,5.729,5.978,6.329,U.S Dollar,US Gallon,2022-06-10
Oregon,OR,Pendleton,5.302,5.513,5.739,5.891,U.S Dollar,US Gallon,2022-06-10
Oregon,OR,Portland-Vancouver (OR only),5.571,5.728,5.91,6.123,U.S Dollar,US Gallon,2022-06-10
Oregon,OR,Salem,5.458,5.653,5.876,6.034,U.S Dollar,US Gallon,2022-06-10
Pennsylvania,PA,Allentown-Bethlehem-Easton,5.044,5.414,5.711,6.316,U.S Dollar,US Gallon,2022-06-10
Pennsylvania,PA,Altoona,5.01,5.31,5.484,6.022,U.S Dollar,US Gallon,2022-06-10
Pennsylvania,PA,Bloomsburg-Berwick,5.017,5.357,5.652,6.215,U.S Dollar,US Gallon,2022-06-10
Pennsylvania,PA,Chambersburg-Waynesboro,5.005,5.385,5.614,6.105,U.S Dollar,US Gallon,2022-06-10
Pennsylvania,PA,East Stroudsburg,5.106,5.429,5.796,6.444,U.S Dollar,US Gallon,2022-06-10
Pennsylvania,PA,Erie,5.031,5.166,5.489,6.007,U.S Dollar,US Gallon,2022-06-10
Pennsylvania,PA,Gettysburg,5.002,5.38,5.671,6.183,U.S Dollar,US Gallon,2022-06-10
Pennsylvania,PA,Harrisburg,5.006,5.33,5.608,6.189,U.S Dollar,US Gallon,2022-06-10
Pennsylvania,PA,Johnstown,5.01,5.295,5.469,5.999,U.S Dollar,US Gallon,2022-06-10
Pennsylvania,PA,Lancaster,5.006,5.373,5.673,6.143,U.S Dollar,US Gallon,2022-06-10
Pennsylvania,PA,Lebanon,4.997,5.362,5.644,6.223,U.S Dollar,US Gallon,2022-06-10
Pennsylvania,PA,Mercer County,5.022,5.289,5.552,6.015,U.S Dollar,US Gallon,2022-06-10
Pennsylvania,PA,Philadelphia (PA only),5.112,5.502,5.73,6.304,U.S Dollar,US Gallon,2022-06-10
Pennsylvania,PA,Pittsburgh,5.033,5.324,5.609,6.052,U.S Dollar,US Gallon,2022-06-10
Pennsylvania,PA,Reading,5.028,5.36,5.627,6.142,U.S Dollar,US Gallon,2022-06-10
Pennsylvania,PA,Scranton--Wilkes-Barre--Hazleton,5.152,5.438,5.783,6.39,U.S Dollar,US Gallon,2022-06-10
Pennsylvania,PA,State College,5.021,5.275,5.481,6.069,U.S Dollar,US Gallon,2022-06-10
Pennsylvania,PA,Williamsport,5.027,5.3,5.596,6.217,U.S Dollar,US Gallon,2022-06-10
Pennsylvania,PA,York,5.008,5.331,5.589,6.085,U.S Dollar,US Gallon,2022-06-10
Rhode Island,RI,Providence-Fall River-Warwick (RI only),5.005,5.457,5.744,6.273,U.S Dollar,US Gallon,2022-06-10
South Carolina,SC,Aiken-Edgfield County,4.545,4.947,5.223,5.591,U.S Dollar,US Gallon,2022-06-10
South Carolina,SC,Charleston-North Charleston,4.6,4.94,5.242,5.752,U.S Dollar,US Gallon,2022-06-10
South Carolina,SC,Columbia,4.579,4.934,5.258,5.663,U.S Dollar,US Gallon,2022-06-10
South Carolina,SC,Florence,4.641,4.992,5.343,5.856,U.S Dollar,US Gallon,2022-06-10
South Carolina,SC,Greenville,4.614,4.908,5.199,5.479,U.S Dollar,US Gallon,2022-06-10
South Carolina,SC,Hilton Head-Bluffton,4.541,4.938,5.22,5.576,U.S Dollar,US Gallon,2022-06-10
South Carolina,SC,Myrtle Beach,4.604,4.96,5.265,5.659,U.S Dollar,US Gallon,2022-06-10
South Carolina,SC,Rock Hill,4.569,4.896,5.192,5.568,U.S Dollar,US Gallon,2022-06-10
South Carolina,SC,Spartanburg,4.589,4.938,5.255,5.526,U.S Dollar,US Gallon,2022-06-10
South Carolina,SC,Sumter,4.613,4.969,5.313,5.721,U.S Dollar,US Gallon,2022-06-10
South Dakota,SD,North Sioux City,4.734,4.833,5.413,5.171,U.S Dollar,US Gallon,2022-06-10
South Dakota,SD,Rapid City,4.735,4.798,5.221,5.391,U.S Dollar,US Gallon,2022-06-10
South Dakota,SD,Sioux Falls,4.639,4.851,5.271,5.333,U.S Dollar,US Gallon,2022-06-10
Tennessee,TN,Chattanooga (TN only),4.601,4.921,5.233,5.49,U.S Dollar,US Gallon,2022-06-10
Tennessee,TN,Clarksville-Hopkinsville (TN only),4.697,5.058,5.396,5.686,U.S Dollar,US Gallon,2022-06-10
Tennessee,TN,Cleveland,4.674,4.989,5.285,5.623,U.S Dollar,US Gallon,2022-06-10
Tennessee,TN,Jackson,4.65,4.978,5.297,5.636,U.S Dollar,US Gallon,2022-06-10
Tennessee,TN,Johnson City,4.616,4.934,5.263,5.677,U.S Dollar,US Gallon,2022-06-10
Tennessee,TN,Kingsport-Bristol,4.601,4.883,5.173,5.654,U.S Dollar,US Gallon,2022-06-10
Tennessee,TN,Knoxville,4.592,4.9,5.201,5.655,U.S Dollar,US Gallon,2022-06-10
Tennessee,TN,Memphis (TN only),4.608,5.009,5.356,5.522,U.S Dollar,US Gallon,2022-06-10
Tennessee,TN,Morristown,4.617,4.857,5.23,5.649,U.S Dollar,US Gallon,2022-06-10
Tennessee,TN,Nashville,4.681,5.042,5.404,5.664,U.S Dollar,US Gallon,2022-06-10
Texas,TX,Abilene,4.67,4.934,5.173,5.292,U.S Dollar,US Gallon,2022-06-10
Texas,TX,Amarillo,4.525,4.766,5.088,5.202,U.S Dollar,US Gallon,2022-06-10
Texas,TX,Austin-San Marcos,4.626,4.968,5.295,5.234,U.S Dollar,US Gallon,2022-06-10
Texas,TX,Beaumont-Port Arthur,4.615,4.947,5.257,5.23,U.S Dollar,US Gallon,2022-06-10
Texas,TX,Brownsville-Harlingen,4.489,4.768,5.055,5.057,U.S Dollar,US Gallon,2022-06-10
Texas,TX,College Station-Bryan,4.659,4.978,5.286,5.295,U.S Dollar,US Gallon,2022-06-10
Texas,TX,Corpus Christi,4.55,4.859,5.184,5.064,U.S Dollar,US Gallon,2022-06-10
Texas,TX,Dallas,4.694,5.01,5.317,5.301,U.S Dollar,US Gallon,2022-06-10
Texas,TX,El Paso,4.872,5.282,5.52,5.42,U.S Dollar,US Gallon,2022-06-10
Texas,TX,Fort Worth-Arlington,4.696,5.002,5.295,5.293,U.S Dollar,US Gallon,2022-06-10
Texas,TX,Galveston-Texas City,4.665,4.956,5.277,5.168,U.S Dollar,US Gallon,2022-06-10
Texas,TX,Houston,4.661,4.988,5.322,5.175,U.S Dollar,US Gallon,2022-06-10
Texas,TX,Killeen-Temple-Fort Hood,4.61,4.932,5.226,5.143,U.S Dollar,US Gallon,2022-06-10
Texas,TX,Laredo,4.514,4.792,5.155,5.068,U.S Dollar,US Gallon,2022-06-10
Texas,TX,Longview,4.706,5.029,5.356,5.295,U.S Dollar,US Gallon,2022-06-10
Texas,TX,Lubbock,4.468,4.756,5.037,5.174,U.S Dollar,US Gallon,2022-06-10
Texas,TX,McAllen-Edinburg-Mission,4.49,4.806,5.111,5.04,U.S Dollar,US Gallon,2022-06-10
Texas,TX,Midland,4.512,4.905,5.114,5.292,U.S Dollar,US Gallon,2022-06-10
Texas,TX,Odessa,4.486,4.836,5.076,5.343,U.S Dollar,US Gallon,2022-06-10
Texas,TX,San Angelo,4.466,4.805,5.148,5.159,U.S Dollar,US Gallon,2022-06-10
Texas,TX,San Antonio,4.623,4.89,5.219,5.154,U.S Dollar,US Gallon,2022-06-10
Texas,TX,Sherman-Denison,4.646,4.914,5.224,5.183,U.S Dollar,US Gallon,2022-06-10
Texas,TX,Texarkana (TX only),4.665,4.955,5.213,5.337,U.S Dollar,US Gallon,2022-06-10
Texas,TX,Tyler,4.623,4.906,5.221,5.284,U.S Dollar,US Gallon,2022-06-10
Texas,TX,Victoria,4.524,4.825,5.121,5.115,U.S Dollar,US Gallon,2022-06-10
Texas,TX,Waco,4.617,4.91,5.188,5.135,U.S Dollar,US Gallon,2022-06-10
Texas,TX,Wichita Falls,4.535,4.845,5.105,5.281,U.S Dollar,US Gallon,2022-06-10
Utah,UT,Logan,4.988,5.19,5.386,5.655,U.S Dollar,US Gallon,2022-06-10
Utah,UT,Ogden,4.993,5.186,5.397,5.65,U.S Dollar,US Gallon,2022-06-10
Utah,UT,Provo-Orem,4.981,5.196,5.391,5.66,U.S Dollar,US Gallon,2022-06-10
Utah,UT,Salt Lake City,4.992,5.198,5.386,5.686,U.S Dollar,US Gallon,2022-06-10
Utah,UT,St. George,5.14,5.351,5.54,5.734,U.S Dollar,US Gallon,2022-06-10
Virginia,VA,Blacksburg-Christiansburg-Radford,4.729,5.063,5.39,5.701,U.S Dollar,US Gallon,2022-06-10
Virginia,VA,Bristol-Scott-Washington,4.694,4.978,5.258,5.728,U.S Dollar,US Gallon,2022-06-10
Virginia,VA,Charlottesville,4.771,5.107,5.444,5.883,U.S Dollar,US Gallon,2022-06-10
Virginia,VA,Fredericksburg,4.812,5.199,5.49,5.81,U.S Dollar,US Gallon,2022-06-10
Virginia,VA,Harrisonburg,4.646,5.023,5.393,5.743,U.S Dollar,US Gallon,2022-06-10
Virginia,VA,Lynchburg,4.627,4.928,5.206,5.718,U.S Dollar,US Gallon,2022-06-10
Virginia,VA,Norfolk-Virginia Beach-Newport News,4.891,5.234,5.602,5.827,U.S Dollar,US Gallon,2022-06-10
Virginia,VA,Richmond-Petersburg,4.846,5.228,5.53,5.823,U.S Dollar,US Gallon,2022-06-10
Virginia,VA,Roanoke,4.632,4.896,5.193,5.723,U.S Dollar,US Gallon,2022-06-10
Virginia,VA,Staunton-Waynesboro,4.716,5.013,5.383,5.775,U.S Dollar,US Gallon,2022-06-10
Virginia,VA,"Washington, DC, (VA Only)",4.966,5.378,5.697,5.896,U.S Dollar,US Gallon,2022-06-10
Virginia,VA,Winchester,4.634,4.915,5.237,5.716,U.S Dollar,US Gallon,2022-06-10
Vermont,VT,Burlington,5.077,5.4,5.748,6.093,U.S Dollar,US Gallon,2022-06-10
Washington,WA,Bellingham,5.491,5.739,5.92,6.097,U.S Dollar,US Gallon,2022-06-10
Washington,WA,Bremerton,5.494,5.671,5.834,6.204,U.S Dollar,US Gallon,2022-06-10
Washington,WA,Clarkson,5.089,5.399,5.526,5.774,U.S Dollar,US Gallon,2022-06-10
Washington,WA,Longview,5.603,5.82,5.955,6.234,U.S Dollar,US Gallon,2022-06-10
Washington,WA,Mount Vernon-Anacortes,5.45,5.627,5.804,6.093,U.S Dollar,US Gallon,2022-06-10
Washington,WA,Olympia,5.551,5.729,5.878,6.209,U.S Dollar,US Gallon,2022-06-10
Washington,WA,Richland-Kennewick-Pasco,5.28,5.471,5.678,6.012,U.S Dollar,US Gallon,2022-06-10
Washington,WA,Seattle-Bellevue-Everett,5.66,5.838,6.028,6.278,U.S Dollar,US Gallon,2022-06-10
Washington,WA,Spokane,5.287,5.451,5.653,5.91,U.S Dollar,US Gallon,2022-06-10
Washington,WA,Tacoma,5.575,5.749,5.923,6.227,U.S Dollar,US Gallon,2022-06-10
Washington,WA,Vancouver,5.556,5.697,5.899,6.178,U.S Dollar,US Gallon,2022-06-10
Washington,WA,Walla Walla,5.457,5.716,5.9,6.114,U.S Dollar,US Gallon,2022-06-10
Washington,WA,Wenatchee,5.409,5.549,5.814,6.169,U.S Dollar,US Gallon,2022-06-10
Washington,WA,Yakima,5.367,5.617,5.803,6.109,U.S Dollar,US Gallon,2022-06-10
Wisconsin,WI,Appleton,4.763,5.057,5.519,5.36,U.S Dollar,US Gallon,2022-06-10
Wisconsin,WI,Eau Claire,4.811,5.087,5.583,5.35,U.S Dollar,US Gallon,2022-06-10
Wisconsin,WI,Fond du Lac,4.782,5.106,5.541,5.36,U.S Dollar,US Gallon,2022-06-10
Wisconsin,WI,Green Bay,4.83,5.219,5.67,5.414,U.S Dollar,US Gallon,2022-06-10
Wisconsin,WI,Janesville-Beloit,4.814,5.159,5.558,5.473,U.S Dollar,US Gallon,2022-06-10
Wisconsin,WI,Kenosha County,5.172,5.517,5.907,5.47,U.S Dollar,US Gallon,2022-06-10
Wisconsin,WI,La Crosse (WI only),4.713,4.819,5.432,5.326,U.S Dollar,US Gallon,2022-06-10
Wisconsin,WI,Madison,4.848,5.166,5.617,5.441,U.S Dollar,US Gallon,2022-06-10
Wisconsin,WI,Milwaukee-Waukesha,5.175,5.516,5.906,5.371,U.S Dollar,US Gallon,2022-06-10
Wisconsin,WI,Oshkosh,4.796,5.103,5.525,5.369,U.S Dollar,US Gallon,2022-06-10
Wisconsin,WI,Pierce -St. Croix County,4.794,5.134,5.518,5.395,U.S Dollar,US Gallon,2022-06-10
Wisconsin,WI,Racine,5.179,5.548,5.922,5.421,U.S Dollar,US Gallon,2022-06-10
Wisconsin,WI,Sheboygan,4.824,5.2,5.582,5.219,U.S Dollar,US Gallon,2022-06-10
Wisconsin,WI,Superior,4.868,5.295,5.624,5.609,U.S Dollar,US Gallon,2022-06-10
Wisconsin,WI,Wausau,4.905,5.281,5.69,5.427,U.S Dollar,US Gallon,2022-06-10
West Virginia,WV,Beckley,4.814,5.003,5.288,5.877,U.S Dollar,US Gallon,2022-06-10
West Virginia,WV,Charleston,4.946,5.164,5.441,5.965,U.S Dollar,US Gallon,2022-06-10
West Virginia,WV,Hampshire County,4.744,5.149,5.266,5.593,U.S Dollar,US Gallon,2022-06-10
West Virginia,WV,Huntington,4.982,5.198,5.434,5.868,U.S Dollar,US Gallon,2022-06-10
West Virginia,WV,Jefferson County,4.697,4.973,5.286,5.819,U.S Dollar,US Gallon,2022-06-10
West Virginia,WV,Mineral County,4.82,5.039,5.339,5.672,U.S Dollar,US Gallon,2022-06-10
West Virginia,WV,Morgantown,4.867,5.185,5.463,5.755,U.S Dollar,US Gallon,2022-06-10
West Virginia,WV,Parkersburg-Marietta (WV only),4.995,5.254,5.497,5.882,U.S Dollar,US Gallon,2022-06-10
West Virginia,WV,Steubenville-Weirton (WV only),4.965,5.204,5.569,5.67,U.S Dollar,US Gallon,2022-06-10
West Virginia,WV,"Washington, DC (WV Only)",4.778,5.05,5.358,5.848,U.S Dollar,US Gallon,2022-06-10
West Virginia,WV,Wheeling (WV only),4.953,5.226,5.507,5.702,U.S Dollar,US Gallon,2022-06-10
Wyoming,WY,Casper,4.47,4.691,4.915,5.544,U.S Dollar,US Gallon,2022-06-10
Wyoming,WY,Cheyenne,4.601,4.875,5.144,5.397,U.S Dollar,US Gallon,2022-06-10
